### a priori adjustment variables
##
# v190_1, 2, 3, 4, 5: wealth index (1, 2, 3, 4, 5)
# v025: type of place of residence (0,1)
# v525_1: recent sexual activity (0,1)
# v010: repondent's year of birth (as year)
# v190_5: ever tested for HIV
##
adjustmentVariables <- c('v190_1', 'v190_2', 'v190_3', 'v190_4', 'v190_5', 'v025', 'v010', 'v781', 'v525_1')