### a priori adjustment variables for MALES
##
# v190_1, 2, 3, 4, 5: wealth index (1, 2, 3, 4, 5)
# v025: type of place of residence (0,1)
# v525_1: recent sexual activity (0,1)
# v010: repondent's year of birth (as year)
# v190_5: ever tested for HIV
##
adjustmentVariables <- c('mv190_1', 'mv190_2', 'mv190_3', 'mv190_4', 'mv190_5', 'mv025', 'mv010', 'mv781', 'mv525')